108,8
0,541
108,7
108,6
108,5
108,4
108,3
108,2
108,1
108,0
107,10
107,9
107,8
107,7
107,6
107,5
107,4
107,3
107,2
107,1
107,0
106,8
106,7
106,6
106,5
106,4
106,3
106,2
106,1
106,0
105,13
0,540
105,12
105,11
105,10
105,9
105,8
105,7
105,6
105,5
105,4
105,3
105,2
105,1
105,0
104,7
104,6
104,5
104,4
104,3
104,2
104,1
104,0
0,539
103,8
103,7
103,6
103,5
103,4
103,3
103,2
103,1
103,0
102,6
102,5
102,4
14,11
102,3
102,2
102,1
102,0
101,12
101,11
101,10
101,9
101,8
101,7
101,6
101,5
101,4
101,3
101,2
101,1
101,0
100,9
100,8
100,7
100,6
100,5
100,4
100,3
100,2
100,1
100,0
99,7
99,6
99,5
99,4
99,3
99,2
99,1
99,0
98,7
98,6
98,5
98,4
98,3
98,2
98,1
98,0
37,8
37,7
97,6
97,5
97,4
97,3
97,2
97,1
97,0
14,10
96,9
96,8
96,7
96,6
96,5
96,4
96,3
96,2
96,1
96,0
14,9
95,9
95,8
95,7
95,6
95,5
95,4
95,3
95,2
95,1
95,0
94,6
94,5
94,4
94,3
94,2
94,1
94,0
93,5
93,4
93,3
93,2
93,1
93,0
92,12
0,538
92,11
92,10
92,9
92,8
92,7
92,6
92,5
92,4
92,3
92,2
92,1
92,0
0,537
91,4
91,3
91,2
91,1
91,0
90,3
90,2
90,1
90,0
89,3
89,2
89,1
89,0
88,3
88,2
88,1
88,0
87,7
87,6
87,5
14,8
0,536
87,4
87,3
87,2
87,1
87,0
86,7
86,6
86,5
86,4
86,3
86,2
86,1
86,0
85,9
85,8
85,7
85,6
85,5
85,4
85,3
85,2
85,1
85,0
84,11
84,10
84,9
84,8
84,7
84,6
84,5
84,4
84,3
84,2
84,1
84,0
83,7
83,6
83,5
83,4
83,3
83,2
83,1
83,0
82,7
82,6
82,5
82,4
82,3
82,2
82,1
82,0
81,5
81,4
81,3
81,2
81,1
81,0
80,8
80,7
80,6
80,5
80,4
80,3
80,2
80,1
80,0
79,11
79,10
79,9
79,8
79,7
79,6
79,5
79,4
79,3
79,2
79,1
79,0
24,35
78,7
78,6
78,5
78,4
